0.687499984633
1.59049996445
3.02199993245
2.93199993446
3.39899992403
3.98999991082
3.59949991954
3.82349991454
4.91599989012
5.12999988534
4.89849989051
5.47199987769
6.06599986441
6.03649986507
6.57999985293
6.09949986367
6.16599986218
7.49749983242
9.4264997893
7.94799982235
9.42399978936
9.11549979625
12.1339997288
11.3859997455
12.4634997214
12.2914997253
12.97499971
11.2639997482
14.0359996863
11.0639997527
12.1394997287
13.9939996872
12.5144997203
12.5659997191
12.572499719
11.8329997355
13.2294997043
14.1444996838
12.7034997161
12.7359997153
11.9089997338
16.8034996244
15.119999662
14.9004996669
13.8899996895
16.8854996226
18.4934995866
15.969999643
19.4274995658
18.5404995856
19.1379995722
16.864499623
19.4059995662
17.9919995978
18.5934995844
17.3194996129
19.3559995674
18.1379995946
19.461999565
19.3604995673
18.5544995853
19.6199995615
18.8844995779
18.4064995886
19.3084995684
19.7524995585
23.1854994818
21.47499952
21.163499527
21.3909995219
21.6954995151
23.1224994832
21.8164995124
20.6169995392
22.8669994889
24.335999456
24.1379994605
23.6719994709
23.129999483
23.1084994835
24.7364994471
25.7859994236
24.7964994458
23.8114994678
24.5974994502
26.9284993981
26.6014994054
27.0159993961
26.4334994092
26.6234994049
28.2609993683
28.5919993609
28.5169993626
29.0384993509
31.3219992999
28.7924993564
28.5464993619
33.2054992578
32.0599992834
32.168499281
32.0464992837
33.2919992559
32.255999279
31.6784992919
31.4299992975
32.9244992641
33.6164992486
34.0279992394
32.5889992716
33.6979992468
33.8929992424
34.0259992395
34.0339992393
33.4464992524
34.4314992304
35.0784992159
34.9999992177
35.3519992098
32.9504992635
33.5314992505
35.8014991998
36.0624991939
33.9864992403
34.9384992191
34.7219992239
35.8149991995
36.5344991834
36.0989991931
35.8164991994
35.2614992118
35.0494992166
35.8509991987
35.9984991954
37.7269991567
37.2919991665
37.3704991647
37.1624991694
36.4684991849
36.9344991744
35.4909992067
35.8174991994
36.7099991795
36.2634991894
34.5079992287
31.8769992875
36.9059991751
36.3629991872
37.0569991717
36.0959991932
34.1324992371
35.5364992057
34.1879992358
34.7019992243
34.5349992281
36.9009991752
